a: 99  98  97  96  95  94  93  92  91  90  89  88  87  86  85  84  83  82  81  80  79  78  77  76  75  74  73  72  71  70  69  68  67  66  65  64  63  62  61  60  59  58  57  56  55  54  53  52  51  50  49  48  47  46  45  44  43  42  41  40  39  38  37  36  35  34  33  32  31  30  29  28  27  26  25  24  23  22  21  20  19  18  17  16  15  14  13  12  11  10  9   8   7   6   5   4   3   2   1   0   

push_swap_first_process
a: 49  48  47  46  45  44  43  42  41  40  39  38  37  36  35  34  33  32  31  30  29  28  27  26  25  24  23  22  21  20  19  18  17  16  15  14  13  12  11  10  9   8   7   6   5   4   3   2   1   0   
b: 50  51  52  53  54  55  56  57  58  59  60  61  62  63  64  65  66  67  68  69  70  71  72  73  74  75  76  77  78  79  80  81  82  83  84  85  86  87  88  89  90  91  92  93  94  95  96  97  98  99  
left  size: 50
right  size: 50

push_swap_first_process
a: 24  23  22  21  20  19  18  17  16  15  14  13  12  11  10  9   8   7   6   5   4   3   2   1   0   
b: 50  51  52  53  54  55  56  57  58  59  60  61  62  63  64  65  66  67  68  69  70  71  72  73  74  75  76  77  78  79  80  81  82  83  84  85  86  87  88  89  90  91  92  93  94  95  96  97  98  99  25  26  27  28  29  30  31  32  33  34  35  36  37  38  39  40  41  42  43  44  45  46  47  48  49  
left  size: 25
right  size: 25

push_swap_first_process
a: 11  10  9   8   7   6   5   4   3   2   1   0   
b: 50  51  52  53  54  55  56  57  58  59  60  61  62  63  64  65  66  67  68  69  70  71  72  73  74  75  76  77  78  79  80  81  82  83  84  85  86  87  88  89  90  91  92  93  94  95  96  97  98  99  25  26  27  28  29  30  31  32  33  34  35  36  37  38  39  40  41  42  43  44  45  46  47  48  49  12  13  14  15  16  17  18  19  20  21  22  23  24  
left  size: 12
right  size: 13

push_swap_first_process
a: 5   4   3   2   1   0   
b: 50  51  52  53  54  55  56  57  58  59  60  61  62  63  64  65  66  67  68  69  70  71  72  73  74  75  76  77  78  79  80  81  82  83  84  85  86  87  88  89  90  91  92  93  94  95  96  97  98  99  25  26  27  28  29  30  31  32  33  34  35  36  37  38  39  40  41  42  43  44  45  46  47  48  49  12  13  14  15  16  17  18  19  20  21  22  23  24  6   7   8   9   10  11  
left  size: 6
right  size: 6

push_swap_first_process
a: 2   1   0   
b: 50  51  52  53  54  55  56  57  58  59  60  61  62  63  64  65  66  67  68  69  70  71  72  73  74  75  76  77  78  79  80  81  82  83  84  85  86  87  88  89  90  91  92  93  94  95  96  97  98  99  25  26  27  28  29  30  31  32  33  34  35  36  37  38  39  40  41  42  43  44  45  46  47  48  49  12  13  14  15  16  17  18  19  20  21  22  23  24  6   7   8   9   10  11  3   4   5   
left  size: 3
right  size: 3

push_swap_first_process
a: 0   
b: 50  51  52  53  54  55  56  57  58  59  60  61  62  63  64  65  66  67  68  69  70  71  72  73  74  75  76  77  78  79  80  81  82  83  84  85  86  87  88  89  90  91  92  93  94  95  96  97  98  99  25  26  27  28  29  30  31  32  33  34  35  36  37  38  39  40  41  42  43  44  45  46  47  48  49  12  13  14  15  16  17  18  19  20  21  22  23  24  6   7   8   9   10  11  3   4   5   1   2   
left  size: 1
right  size: 2

push_swap_last_process
  tree->size:1
tree_num: 63
a: 0   
b: 50  51  52  53  54  55  56  57  58  59  60  61  62  63  64  65  66  67  68  69  70  71  72  73  74  75  76  77  78  79  80  81  82  83  84  85  86  87  88  89  90  91  92  93  94  95  96  97  98  99  25  26  27  28  29  30  31  32  33  34  35  36  37  38  39  40  41  42  43  44  45  46  47  48  49  12  13  14  15  16  17  18  19  20  21  22  23  24  6   7   8   9   10  11  3   4   5   1   2   

push_swap_process    in first.c
push_swap_last_process
  tree->size:2
tree_num: 64
a: 0   1   2   
b: 50  51  52  53  54  55  56  57  58  59  60  61  62  63  64  65  66  67  68  69  70  71  72  73  74  75  76  77  78  79  80  81  82  83  84  85  86  87  88  89  90  91  92  93  94  95  96  97  98  99  25  26  27  28  29  30  31  32  33  34  35  36  37  38  39  40  41  42  43  44  45  46  47  48  49  12  13  14  15  16  17  18  19  20  21  22  23  24  6   7   8   9   10  11  3   4   5   

push_swap_process    in first.c
split_by_mid
tree_num: 32
a: 0   1   2   3   
b: 4   5   50  51  52  53  54  55  56  57  58  59  60  61  62  63  64  65  66  67  68  69  70  71  72  73  74  75  76  77  78  79  80  81  82  83  84  85  86  87  88  89  90  91  92  93  94  95  96  97  98  99  25  26  27  28  29  30  31  32  33  34  35  36  37  38  39  40  41  42  43  44  45  46  47  48  49  12  13  14  15  16  17  18  19  20  21  22  23  24  6   7   8   9   10  11  

left  size: 1
right  size: 2


push_swap_last_process
  tree->size:1
tree_num: 65
a: 0   1   2   3   
b: 4   5   50  51  52  53  54  55  56  57  58  59  60  61  62  63  64  65  66  67  68  69  70  71  72  73  74  75  76  77  78  79  80  81  82  83  84  85  86  87  88  89  90  91  92  93  94  95  96  97  98  99  25  26  27  28  29  30  31  32  33  34  35  36  37  38  39  40  41  42  43  44  45  46  47  48  49  12  13  14  15  16  17  18  19  20  21  22  23  24  6   7   8   9   10  11  

move to right, single
tree_num: 32
a: 0   1   2   3   
b: 50  51  52  53  54  55  56  57  58  59  60  61  62  63  64  65  66  67  68  69  70  71  72  73  74  75  76  77  78  79  80  81  82  83  84  85  86  87  88  89  90  91  92  93  94  95  96  97  98  99  25  26  27  28  29  30  31  32  33  34  35  36  37  38  39  40  41  42  43  44  45  46  47  48  49  12  13  14  15  16  17  18  19  20  21  22  23  24  6   7   8   9   10  11  4   5   

push_swap_last_process
  tree->size:2
tree_num: 66
a: 0   1   2   3   4   5   
b: 50  51  52  53  54  55  56  57  58  59  60  61  62  63  64  65  66  67  68  69  70  71  72  73  74  75  76  77  78  79  80  81  82  83  84  85  86  87  88  89  90  91  92  93  94  95  96  97  98  99  25  26  27  28  29  30  31  32  33  34  35  36  37  38  39  40  41  42  43  44  45  46  47  48  49  12  13  14  15  16  17  18  19  20  21  22  23  24  6   7   8   9   10  11  

push_swap_process    in first.c
split_by_mid
tree_num: 16
a: 0   1   2   3   4   5   8   7   6   
b: 9   10  11  50  51  52  53  54  55  56  57  58  59  60  61  62  63  64  65  66  67  68  69  70  71  72  73  74  75  76  77  78  79  80  81  82  83  84  85  86  87  88  89  90  91  92  93  94  95  96  97  98  99  25  26  27  28  29  30  31  32  33  34  35  36  37  38  39  40  41  42  43  44  45  46  47  48  49  12  13  14  15  16  17  18  19  20  21  22  23  24  

left  size: 3
right  size: 3


split_by_mid
tree_num: 33
a: 8   7   0   1   2   3   4   5   
b: 9   10  11  50  51  52  53  54  55  56  57  58  59  60  61  62  63  64  65  66  67  68  69  70  71  72  73  74  75  76  77  78  79  80  81  82  83  84  85  86  87  88  89  90  91  92  93  94  95  96  97  98  99  25  26  27  28  29  30  31  32  33  34  35  36  37  38  39  40  41  42  43  44  45  46  47  48  49  12  13  14  15  16  17  18  19  20  21  22  23  24  6   

left  size: 1
right  size: 2


push_swap_last_process
  tree->size:1
tree_num: 67
a: 8   7   0   1   2   3   4   5   6   
b: 9   10  11  50  51  52  53  54  55  56  57  58  59  60  61  62  63  64  65  66  67  68  69  70  71  72  73  74  75  76  77  78  79  80  81  82  83  84  85  86  87  88  89  90  91  92  93  94  95  96  97  98  99  25  26  27  28  29  30  31  32  33  34  35  36  37  38  39  40  41  42  43  44  45  46  47  48  49  12  13  14  15  16  17  18  19  20  21  22  23  24  

move to right, single,  tree->right->size: 2
tree_num: 33

push_swap_last_process
  tree->size:2
tree_num: 68
a: 0   1   2   3   4   5   6   7   8   
b: 9   10  11  50  51  52  53  54  55  56  57  58  59  60  61  62  63  64  65  66  67  68  69  70  71  72  73  74  75  76  77  78  79  80  81  82  83  84  85  86  87  88  89  90  91  92  93  94  95  96  97  98  99  25  26  27  28  29  30  31  32  33  34  35  36  37  38  39  40  41  42  43  44  45  46  47  48  49  12  13  14  15  16  17  18  19  20  21  22  23  24  

move to right, single
tree_num: 16
a: 0   1   2   3   4   5   6   7   8   
b: 50  51  52  53  54  55  56  57  58  59  60  61  62  63  64  65  66  67  68  69  70  71  72  73  74  75  76  77  78  79  80  81  82  83  84  85  86  87  88  89  90  91  92  93  94  95  96  97  98  99  25  26  27  28  29  30  31  32  33  34  35  36  37  38  39  40  41  42  43  44  45  46  47  48  49  12  13  14  15  16  17  18  19  20  21  22  23  24  9   10  11  

split_by_mid
tree_num: 34
a: 0   1   2   3   4   5   6   7   8   9   
b: 10  11  50  51  52  53  54  55  56  57  58  59  60  61  62  63  64  65  66  67  68  69  70  71  72  73  74  75  76  77  78  79  80  81  82  83  84  85  86  87  88  89  90  91  92  93  94  95  96  97  98  99  25  26  27  28  29  30  31  32  33  34  35  36  37  38  39  40  41  42  43  44  45  46  47  48  49  12  13  14  15  16  17  18  19  20  21  22  23  24  

left  size: 1
right  size: 2


push_swap_last_process
  tree->size:1
tree_num: 69
a: 0   1   2   3   4   5   6   7   8   9   
b: 10  11  50  51  52  53  54  55  56  57  58  59  60  61  62  63  64  65  66  67  68  69  70  71  72  73  74  75  76  77  78  79  80  81  82  83  84  85  86  87  88  89  90  91  92  93  94  95  96  97  98  99  25  26  27  28  29  30  31  32  33  34  35  36  37  38  39  40  41  42  43  44  45  46  47  48  49  12  13  14  15  16  17  18  19  20  21  22  23  24  

move to right, single
tree_num: 34
a: 0   1   2   3   4   5   6   7   8   9   
b: 50  51  52  53  54  55  56  57  58  59  60  61  62  63  64  65  66  67  68  69  70  71  72  73  74  75  76  77  78  79  80  81  82  83  84  85  86  87  88  89  90  91  92  93  94  95  96  97  98  99  25  26  27  28  29  30  31  32  33  34  35  36  37  38  39  40  41  42  43  44  45  46  47  48  49  12  13  14  15  16  17  18  19  20  21  22  23  24  10  11  

push_swap_last_process
  tree->size:2
tree_num: 70
a: 0   1   2   3   4   5   6   7   8   9   10  11  
b: 50  51  52  53  54  55  56  57  58  59  60  61  62  63  64  65  66  67  68  69  70  71  72  73  74  75  76  77  78  79  80  81  82  83  84  85  86  87  88  89  90  91  92  93  94  95  96  97  98  99  25  26  27  28  29  30  31  32  33  34  35  36  37  38  39  40  41  42  43  44  45  46  47  48  49  12  13  14  15  16  17  18  19  20  21  22  23  24  

push_swap_process    in first.c
split_by_mid
tree_num: 8
a: 0   1   2   3   4   5   6   7   8   9   10  11  17  16  15  14  13  12  
b: 18  19  20  21  22  23  24  50  51  52  53  54  55  56  57  58  59  60  61  62  63  64  65  66  67  68  69  70  71  72  73  74  75  76  77  78  79  80  81  82  83  84  85  86  87  88  89  90  91  92  93  94  95  96  97  98  99  25  26  27  28  29  30  31  32  33  34  35  36  37  38  39  40  41  42  43  44  45  46  47  48  49  

left  size: 6
right  size: 7


split_by_mid
tree_num: 17
a: 17  16  15  0   1   2   3   4   5   6   7   8   9   10  11  
b: 18  19  20  21  22  23  24  50  51  52  53  54  55  56  57  58  59  60  61  62  63  64  65  66  67  68  69  70  71  72  73  74  75  76  77  78  79  80  81  82  83  84  85  86  87  88  89  90  91  92  93  94  95  96  97  98  99  25  26  27  28  29  30  31  32  33  34  35  36  37  38  39  40  41  42  43  44  45  46  47  48  49  12  13  14  

left  size: 3
right  size: 3


split_by_mid
tree_num: 35
a: 17  16  15  0   1   2   3   4   5   6   7   8   9   10  11  12  
b: 13  14  18  19  20  21  22  23  24  50  51  52  53  54  55  56  57  58  59  60  61  62  63  64  65  66  67  68  69  70  71  72  73  74  75  76  77  78  79  80  81  82  83  84  85  86  87  88  89  90  91  92  93  94  95  96  97  98  99  25  26  27  28  29  30  31  32  33  34  35  36  37  38  39  40  41  42  43  44  45  46  47  48  49  

left  size: 1
right  size: 2


push_swap_last_process
  tree->size:1
tree_num: 71
a: 17  16  15  0   1   2   3   4   5   6   7   8   9   10  11  12  
b: 13  14  18  19  20  21  22  23  24  50  51  52  53  54  55  56  57  58  59  60  61  62  63  64  65  66  67  68  69  70  71  72  73  74  75  76  77  78  79  80  81  82  83  84  85  86  87  88  89  90  91  92  93  94  95  96  97  98  99  25  26  27  28  29  30  31  32  33  34  35  36  37  38  39  40  41  42  43  44  45  46  47  48  49  

move to right, single
tree_num: 35
a: 17  16  15  0   1   2   3   4   5   6   7   8   9   10  11  12  
b: 18  19  20  21  22  23  24  50  51  52  53  54  55  56  57  58  59  60  61  62  63  64  65  66  67  68  69  70  71  72  73  74  75  76  77  78  79  80  81  82  83  84  85  86  87  88  89  90  91  92  93  94  95  96  97  98  99  25  26  27  28  29  30  31  32  33  34  35  36  37  38  39  40  41  42  43  44  45  46  47  48  49  13  14  

push_swap_last_process
  tree->size:2
tree_num: 72
a: 17  16  15  0   1   2   3   4   5   6   7   8   9   10  11  12  13  14  
b: 18  19  20  21  22  23  24  50  51  52  53  54  55  56  57  58  59  60  61  62  63  64  65  66  67  68  69  70  71  72  73  74  75  76  77  78  79  80  81  82  83  84  85  86  87  88  89  90  91  92  93  94  95  96  97  98  99  25  26  27  28  29  30  31  32  33  34  35  36  37  38  39  40  41  42  43  44  45  46  47  48  49  

move to right, double,  tmp->size: 7
tree_num: 17
a: 0   1   2   3   4   5   6   7   8   9   10  11  12  13  14  17  16  15  
b: 50  51  52  53  54  55  56  57  58  59  60  61  62  63  64  65  66  67  68  69  70  71  72  73  74  75  76  77  78  79  80  81  82  83  84  85  86  87  88  89  90  91  92  93  94  95  96  97  98  99  25  26  27  28  29  30  31  32  33  34  35  36  37  38  39  40  41  42  43  44  45  46  47  48  49  18  19  20  21  22  23  24  

split_by_mid
tree_num: 36
a: 17  16  0   1   2   3   4   5   6   7   8   9   10  11  12  13  14  
b: 50  51  52  53  54  55  56  57  58  59  60  61  62  63  64  65  66  67  68  69  70  71  72  73  74  75  76  77  78  79  80  81  82  83  84  85  86  87  88  89  90  91  92  93  94  95  96  97  98  99  25  26  27  28  29  30  31  32  33  34  35  36  37  38  39  40  41  42  43  44  45  46  47  48  49  18  19  20  21  22  23  24  15  

left  size: 1
right  size: 2


push_swap_last_process
  tree->size:1
tree_num: 73
a: 17  16  0   1   2   3   4   5   6   7   8   9   10  11  12  13  14  15  
b: 50  51  52  53  54  55  56  57  58  59  60  61  62  63  64  65  66  67  68  69  70  71  72  73  74  75  76  77  78  79  80  81  82  83  84  85  86  87  88  89  90  91  92  93  94  95  96  97  98  99  25  26  27  28  29  30  31  32  33  34  35  36  37  38  39  40  41  42  43  44  45  46  47  48  49  18  19  20  21  22  23  24  

move to right, single,  tree->right->size: 2
tree_num: 36

push_swap_last_process
  tree->size:2
tree_num: 74
a: 0   1   2   3   4   5   6   7   8   9   10  11  12  13  14  15  16  17  
b: 50  51  52  53  54  55  56  57  58  59  60  61  62  63  64  65  66  67  68  69  70  71  72  73  74  75  76  77  78  79  80  81  82  83  84  85  86  87  88  89  90  91  92  93  94  95  96  97  98  99  25  26  27  28  29  30  31  32  33  34  35  36  37  38  39  40  41  42  43  44  45  46  47  48  49  18  19  20  21  22  23  24  

a: 0   1   2   3   4   5   6   7   8   9   10  11  12  13  14  15  16  17  
b: 50  51  52  53  54  55  56  57  58  59  60  61  62  63  64  65  66  67  68  69  70  71  72  73  74  75  76  77  78  79  80  81  82  83  84  85  86  87  88  89  90  91  92  93  94  95  96  97  98  99  25  26  27  28  29  30  31  32  33  34  35  36  37  38  39  40  41  42  43  44  45  46  47  48  49  18  19  20  21  22  23  24  

split_by_mid
tree_num: 18
a: 0   1   2   3   4   5   6   7   8   9   10  11  12  13  14  15  16  17  20  19  18  
b: 21  22  23  24  50  51  52  53  54  55  56  57  58  59  60  61  62  63  64  65  66  67  68  69  70  71  72  73  74  75  76  77  78  79  80  81  82  83  84  85  86  87  88  89  90  91  92  93  94  95  96  97  98  99  25  26  27  28  29  30  31  32  33  34  35  36  37  38  39  40  41  42  43  44  45  46  47  48  49  

left  size: 3
right  size: 4


split_by_mid
tree_num: 37
a: 20  19  0   1   2   3   4   5   6   7   8   9   10  11  12  13  14  15  16  17  
b: 21  22  23  24  50  51  52  53  54  55  56  57  58  59  60  61  62  63  64  65  66  67  68  69  70  71  72  73  74  75  76  77  78  79  80  81  82  83  84  85  86  87  88  89  90  91  92  93  94  95  96  97  98  99  25  26  27  28  29  30  31  32  33  34  35  36  37  38  39  40  41  42  43  44  45  46  47  48  49  18  

left  size: 1
right  size: 2


push_swap_last_process
  tree->size:1
tree_num: 75
a: 20  19  0   1   2   3   4   5   6   7   8   9   10  11  12  13  14  15  16  17  18  
b: 21  22  23  24  50  51  52  53  54  55  56  57  58  59  60  61  62  63  64  65  66  67  68  69  70  71  72  73  74  75  76  77  78  79  80  81  82  83  84  85  86  87  88  89  90  91  92  93  94  95  96  97  98  99  25  26  27  28  29  30  31  32  33  34  35  36  37  38  39  40  41  42  43  44  45  46  47  48  49  

move to right, single,  tree->right->size: 2
tree_num: 37

push_swap_last_process
  tree->size:2
tree_num: 76
a: 0   1   2   3   4   5   6   7   8   9   10  11  12  13  14  15  16  17  18  19  20  
b: 21  22  23  24  50  51  52  53  54  55  56  57  58  59  60  61  62  63  64  65  66  67  68  69  70  71  72  73  74  75  76  77  78  79  80  81  82  83  84  85  86  87  88  89  90  91  92  93  94  95  96  97  98  99  25  26  27  28  29  30  31  32  33  34  35  36  37  38  39  40  41  42  43  44  45  46  47  48  49  

move to right, single
tree_num: 18
a: 0   1   2   3   4   5   6   7   8   9   10  11  12  13  14  15  16  17  18  19  20  
b: 50  51  52  53  54  55  56  57  58  59  60  61  62  63  64  65  66  67  68  69  70  71  72  73  74  75  76  77  78  79  80  81  82  83  84  85  86  87  88  89  90  91  92  93  94  95  96  97  98  99  25  26  27  28  29  30  31  32  33  34  35  36  37  38  39  40  41  42  43  44  45  46  47  48  49  21  22  23  24  

split_by_mid
tree_num: 38
a: 0   1   2   3   4   5   6   7   8   9   10  11  12  13  14  15  16  17  18  19  20  22  21  
b: 23  24  50  51  52  53  54  55  56  57  58  59  60  61  62  63  64  65  66  67  68  69  70  71  72  73  74  75  76  77  78  79  80  81  82  83  84  85  86  87  88  89  90  91  92  93  94  95  96  97  98  99  25  26  27  28  29  30  31  32  33  34  35  36  37  38  39  40  41  42  43  44  45  46  47  48  49  

left  size: 2
right  size: 2


push_swap_last_process
  tree->size:2
tree_num: 77
a: 0   1   2   3   4   5   6   7   8   9   10  11  12  13  14  15  16  17  18  19  20  21  22  
b: 23  24  50  51  52  53  54  55  56  57  58  59  60  61  62  63  64  65  66  67  68  69  70  71  72  73  74  75  76  77  78  79  80  81  82  83  84  85  86  87  88  89  90  91  92  93  94  95  96  97  98  99  25  26  27  28  29  30  31  32  33  34  35  36  37  38  39  40  41  42  43  44  45  46  47  48  49  

move to right, single
tree_num: 38
a: 0   1   2   3   4   5   6   7   8   9   10  11  12  13  14  15  16  17  18  19  20  21  22  
b: 50  51  52  53  54  55  56  57  58  59  60  61  62  63  64  65  66  67  68  69  70  71  72  73  74  75  76  77  78  79  80  81  82  83  84  85  86  87  88  89  90  91  92  93  94  95  96  97  98  99  25  26  27  28  29  30  31  32  33  34  35  36  37  38  39  40  41  42  43  44  45  46  47  48  49  23  24  

push_swap_last_process
  tree->size:2
tree_num: 78
a: 0   1   2   3   4   5   6   7   8   9   10  11  12  13  14  15  16  17  18  19  20  21  22  23  24  
b: 50  51  52  53  54  55  56  57  58  59  60  61  62  63  64  65  66  67  68  69  70  71  72  73  74  75  76  77  78  79  80  81  82  83  84  85  86  87  88  89  90  91  92  93  94  95  96  97  98  99  25  26  27  28  29  30  31  32  33  34  35  36  37  38  39  40  41  42  43  44  45  46  47  48  49  

push_swap_process    in first.c
split_by_mid
tree_num: 4
a: 0   1   2   3   4   5   6   7   8   9   10  11  12  13  14  15  16  17  18  19  20  21  22  23  24  36  35  34  33  32  31  30  29  28  27  26  25  
b: 37  38  39  40  41  42  43  44  45  46  47  48  49  50  51  52  53  54  55  56  57  58  59  60  61  62  63  64  65  66  67  68  69  70  71  72  73  74  75  76  77  78  79  80  81  82  83  84  85  86  87  88  89  90  91  92  93  94  95  96  97  98  99  

left  size: 12
right  size: 13


split_by_mid
tree_num: 9
a: 36  35  34  33  32  31  0   1   2   3   4   5   6   7   8   9   10  11  12  13  14  15  16  17  18  19  20  21  22  23  24  
b: 37  38  39  40  41  42  43  44  45  46  47  48  49  50  51  52  53  54  55  56  57  58  59  60  61  62  63  64  65  66  67  68  69  70  71  72  73  74  75  76  77  78  79  80  81  82  83  84  85  86  87  88  89  90  91  92  93  94  95  96  97  98  99  25  26  27  28  29  30  

left  size: 6
right  size: 6


split_by_mid
tree_num: 19
a: 36  35  34  33  32  31  0   1   2   3   4   5   6   7   8   9   10  11  12  13  14  15  16  17  18  19  20  21  22  23  24  27  26  25  
b: 28  29  30  37  38  39  40  41  42  43  44  45  46  47  48  49  50  51  52  53  54  55  56  57  58  59  60  61  62  63  64  65  66  67  68  69  70  71  72  73  74  75  76  77  78  79  80  81  82  83  84  85  86  87  88  89  90  91  92  93  94  95  96  97  98  99  

left  size: 3
right  size: 3


split_by_mid
tree_num: 39
a: 27  26  36  35  34  33  32  31  0   1   2   3   4   5   6   7   8   9   10  11  12  13  14  15  16  17  18  19  20  21  22  23  24  
b: 28  29  30  37  38  39  40  41  42  43  44  45  46  47  48  49  50  51  52  53  54  55  56  57  58  59  60  61  62  63  64  65  66  67  68  69  70  71  72  73  74  75  76  77  78  79  80  81  82  83  84  85  86  87  88  89  90  91  92  93  94  95  96  97  98  99  25  

left  size: 1
right  size: 2


push_swap_last_process
  tree->size:1
tree_num: 79
a: 27  26  36  35  34  33  32  31  0   1   2   3   4   5   6   7   8   9   10  11  12  13  14  15  16  17  18  19  20  21  22  23  24  25  
b: 28  29  30  37  38  39  40  41  42  43  44  45  46  47  48  49  50  51  52  53  54  55  56  57  58  59  60  61  62  63  64  65  66  67  68  69  70  71  72  73  74  75  76  77  78  79  80  81  82  83  84  85  86  87  88  89  90  91  92  93  94  95  96  97  98  99  

move to right, single,  tree->right->size: 2
tree_num: 39

push_swap_last_process
  tree->size:2
tree_num: 80
a: 36  35  34  33  32  31  0   1   2   3   4   5   6   7   8   9   10  11  12  13  14  15  16  17  18  19  20  21  22  23  24  25  26  27  
b: 28  29  30  37  38  39  40  41  42  43  44  45  46  47  48  49  50  51  52  53  54  55  56  57  58  59  60  61  62  63  64  65  66  67  68  69  70  71  72  73  74  75  76  77  78  79  80  81  82  83  84  85  86  87  88  89  90  91  92  93  94  95  96  97  98  99  

move to right, single
tree_num: 19
a: 36  35  34  33  32  31  0   1   2   3   4   5   6   7   8   9   10  11  12  13  14  15  16  17  18  19  20  21  22  23  24  25  26  27  
b: 37  38  39  40  41  42  43  44  45  46  47  48  49  50  51  52  53  54  55  56  57  58  59  60  61  62  63  64  65  66  67  68  69  70  71  72  73  74  75  76  77  78  79  80  81  82  83  84  85  86  87  88  89  90  91  92  93  94  95  96  97  98  99  28  29  30  

split_by_mid
tree_num: 40
a: 36  35  34  33  32  31  0   1   2   3   4   5   6   7   8   9   10  11  12  13  14  15  16  17  18  19  20  21  22  23  24  25  26  27  28  
b: 29  30  37  38  39  40  41  42  43  44  45  46  47  48  49  50  51  52  53  54  55  56  57  58  59  60  61  62  63  64  65  66  67  68  69  70  71  72  73  74  75  76  77  78  79  80  81  82  83  84  85  86  87  88  89  90  91  92  93  94  95  96  97  98  99  

left  size: 1
right  size: 2


push_swap_last_process
  tree->size:1
tree_num: 81
a: 36  35  34  33  32  31  0   1   2   3   4   5   6   7   8   9   10  11  12  13  14  15  16  17  18  19  20  21  22  23  24  25  26  27  28  
b: 29  30  37  38  39  40  41  42  43  44  45  46  47  48  49  50  51  52  53  54  55  56  57  58  59  60  61  62  63  64  65  66  67  68  69  70  71  72  73  74  75  76  77  78  79  80  81  82  83  84  85  86  87  88  89  90  91  92  93  94  95  96  97  98  99  

move to right, single
tree_num: 40
a: 36  35  34  33  32  31  0   1   2   3   4   5   6   7   8   9   10  11  12  13  14  15  16  17  18  19  20  21  22  23  24  25  26  27  28  
b: 37  38  39  40  41  42  43  44  45  46  47  48  49  50  51  52  53  54  55  56  57  58  59  60  61  62  63  64  65  66  67  68  69  70  71  72  73  74  75  76  77  78  79  80  81  82  83  84  85  86  87  88  89  90  91  92  93  94  95  96  97  98  99  29  30  

push_swap_last_process
  tree->size:2
tree_num: 82
a: 36  35  34  33  32  31  0   1   2   3   4   5   6   7   8   9   10  11  12  13  14  15  16  17  18  19  20  21  22  23  24  25  26  27  28  29  30  
b: 37  38  39  40  41  42  43  44  45  46  47  48  49  50  51  52  53  54  55  56  57  58  59  60  61  62  63  64  65  66  67  68  69  70  71  72  73  74  75  76  77  78  79  80  81  82  83  84  85  86  87  88  89  90  91  92  93  94  95  96  97  98  99  

move to right, double,  tmp->size: 13
tree_num: 9
a: 0   1   2   3   4   5   6   7   8   9   10  11  12  13  14  15  16  17  18  19  20  21  22  23  24  25  26  27  28  29  30  36  35  34  33  32  31  
b: 50  51  52  53  54  55  56  57  58  59  60  61  62  63  64  65  66  67  68  69  70  71  72  73  74  75  76  77  78  79  80  81  82  83  84  85  86  87  88  89  90  91  92  93  94  95  96  97  98  99  37  38  39  40  41  42  43  44  45  46  47  48  49  

split_by_mid
tree_num: 20
a: 36  35  34  0   1   2   3   4   5   6   7   8   9   10  11  12  13  14  15  16  17  18  19  20  21  22  23  24  25  26  27  28  29  30  
b: 50  51  52  53  54  55  56  57  58  59  60  61  62  63  64  65  66  67  68  69  70  71  72  73  74  75  76  77  78  79  80  81  82  83  84  85  86  87  88  89  90  91  92  93  94  95  96  97  98  99  37  38  39  40  41  42  43  44  45  46  47  48  49  31  32  33  

left  size: 3
right  size: 3


split_by_mid
tree_num: 41
a: 36  35  34  0   1   2   3   4   5   6   7   8   9   10  11  12  13  14  15  16  17  18  19  20  21  22  23  24  25  26  27  28  29  30  31  
b: 32  33  50  51  52  53  54  55  56  57  58  59  60  61  62  63  64  65  66  67  68  69  70  71  72  73  74  75  76  77  78  79  80  81  82  83  84  85  86  87  88  89  90  91  92  93  94  95  96  97  98  99  37  38  39  40  41  42  43  44  45  46  47  48  49  

left  size: 1
right  size: 2


push_swap_last_process
  tree->size:1
tree_num: 83
a: 36  35  34  0   1   2   3   4   5   6   7   8   9   10  11  12  13  14  15  16  17  18  19  20  21  22  23  24  25  26  27  28  29  30  31  
b: 32  33  50  51  52  53  54  55  56  57  58  59  60  61  62  63  64  65  66  67  68  69  70  71  72  73  74  75  76  77  78  79  80  81  82  83  84  85  86  87  88  89  90  91  92  93  94  95  96  97  98  99  37  38  39  40  41  42  43  44  45  46  47  48  49  

move to right, single
tree_num: 41
a: 36  35  34  0   1   2   3   4   5   6   7   8   9   10  11  12  13  14  15  16  17  18  19  20  21  22  23  24  25  26  27  28  29  30  31  
b: 50  51  52  53  54  55  56  57  58  59  60  61  62  63  64  65  66  67  68  69  70  71  72  73  74  75  76  77  78  79  80  81  82  83  84  85  86  87  88  89  90  91  92  93  94  95  96  97  98  99  37  38  39  40  41  42  43  44  45  46  47  48  49  32  33  

push_swap_last_process
  tree->size:2
tree_num: 84
a: 36  35  34  0   1   2   3   4   5   6   7   8   9   10  11  12  13  14  15  16  17  18  19  20  21  22  23  24  25  26  27  28  29  30  31  32  33  
b: 50  51  52  53  54  55  56  57  58  59  60  61  62  63  64  65  66  67  68  69  70  71  72  73  74  75  76  77  78  79  80  81  82  83  84  85  86  87  88  89  90  91  92  93  94  95  96  97  98  99  37  38  39  40  41  42  43  44  45  46  47  48  49  

move to right, double,  tmp->size: 6
tree_num: 20
a: 0   1   2   3   4   5   6   7   8   9   10  11  12  13  14  15  16  17  18  19  20  21  22  23  24  25  26  27  28  29  30  31  32  33  36  35  34  
b: 56  57  58  59  60  61  62  63  64  65  66  67  68  69  70  71  72  73  74  75  76  77  78  79  80  81  82  83  84  85  86  87  88  89  90  91  92  93  94  95  96  97  98  99  37  38  39  40  41  42  43  44  45  46  47  48  49  50  51  52  53  54  55  

split_by_mid
tree_num: 42
a: 36  35  0   1   2   3   4   5   6   7   8   9   10  11  12  13  14  15  16  17  18  19  20  21  22  23  24  25  26  27  28  29  30  31  32  33  
b: 56  57  58  59  60  61  62  63  64  65  66  67  68  69  70  71  72  73  74  75  76  77  78  79  80  81  82  83  84  85  86  87  88  89  90  91  92  93  94  95  96  97  98  99  37  38  39  40  41  42  43  44  45  46  47  48  49  50  51  52  53  54  55  34  

left  size: 1
right  size: 2


push_swap_last_process
  tree->size:1
tree_num: 85
a: 36  35  0   1   2   3   4   5   6   7   8   9   10  11  12  13  14  15  16  17  18  19  20  21  22  23  24  25  26  27  28  29  30  31  32  33  34  
b: 56  57  58  59  60  61  62  63  64  65  66  67  68  69  70  71  72  73  74  75  76  77  78  79  80  81  82  83  84  85  86  87  88  89  90  91  92  93  94  95  96  97  98  99  37  38  39  40  41  42  43  44  45  46  47  48  49  50  51  52  53  54  55  

move to right, single,  tree->right->size: 2
tree_num: 42

push_swap_last_process
  tree->size:2
tree_num: 86
a: 0   1   2   3   4   5   6   7   8   9   10  11  12  13  14  15  16  17  18  19  20  21  22  23  24  25  26  27  28  29  30  31  32  33  34  35  36  
b: 56  57  58  59  60  61  62  63  64  65  66  67  68  69  70  71  72  73  74  75  76  77  78  79  80  81  82  83  84  85  86  87  88  89  90  91  92  93  94  95  96  97  98  99  37  38  39  40  41  42  43  44  45  46  47  48  49  50  51  52  53  54  55  

a: 0   1   2   3   4   5   6   7   8   9   10  11  12  13  14  15  16  17  18  19  20  21  22  23  24  25  26  27  28  29  30  31  32  33  34  35  36  
b: 56  57  58  59  60  61  62  63  64  65  66  67  68  69  70  71  72  73  74  75  76  77  78  79  80  81  82  83  84  85  86  87  88  89  90  91  92  93  94  95  96  97  98  99  37  38  39  40  41  42  43  44  45  46  47  48  49  50  51  52  53  54  55  

split_by_mid
tree_num: 10
a: 0   1   2   3   4   5   6   7   8   9   10  11  12  13  14  15  16  17  18  19  20  21  22  23  24  25  26  27  28  29  30  31  32  33  34  35  36  
b: 43  44  45  46  47  48  49  50  51  52  53  54  55  56  57  58  59  60  61  62  63  64  65  66  67  68  69  70  71  72  73  74  75  76  77  78  79  80  81  82  83  84  85  86  87  88  89  90  91  92  93  94  95  96  97  98  99  37  38  39  40  41  42  

left  size: 6
right  size: 7


split_by_mid
tree_num: 21
a: 0   1   2   3   4   5   6   7   8   9   10  11  12  13  14  15  16  17  18  19  20  21  22  23  24  25  26  27  28  29  30  
b: 43  44  45  46  47  48  49  50  51  52  53  54  55  56  57  58  59  60  61  62  63  64  65  66  67  68  69  70  71  72  73  74  75  76  77  78  79  80  81  82  83  84  85  86  87  88  89  90  91  92  93  94  95  96  97  98  99  37  38  39  40  41  42  36  35  34  33  32  31  

left  size: 3
right  size: 3


split_by_mid
tree_num: 43
a: 0   1   2   3   4   5   6   7   8   9   10  11  12  13  14  15  16  17  18  19  20  21  22  23  24  25  26  27  28  29  30  31  32  33  
b: 43  44  45  46  47  48  49  50  51  52  53  54  55  56  57  58  59  60  61  62  63  64  65  66  67  68  69  70  71  72  73  74  75  76  77  78  79  80  81  82  83  84  85  86  87  88  89  90  91  92  93  94  95  96  97  98  99  37  38  39  40  41  42  36  35  34  

left  size: 1
right  size: 2


push_swap_last_process
  tree->size:1
tree_num: 87
a: 0   1   2   3   4   5   6   7   8   9   10  11  12  13  14  15  16  17  18  19  20  21  22  23  24  25  26  27  28  29  30  31  32  33  
b: 43  44  45  46  47  48  49  50  51  52  53  54  55  56  57  58  59  60  61  62  63  64  65  66  67  68  69  70  71  72  73  74  75  76  77  78  79  80  81  82  83  84  85  86  87  88  89  90  91  92  93  94  95  96  97  98  99  37  38  39  40  41  42  36  35  34  

move to right, single
tree_num: 43
a: 0   1   2   3   4   5   6   7   8   9   10  11  12  13  14  15  16  17  18  19  20  21  22  23  24  25  26  27  28  29  30  31  32  33  
b: 45  46  47  48  49  50  51  52  53  54  55  56  57  58  59  60  61  62  63  64  65  66  67  68  69  70  71  72  73  74  75  76  77  78  79  80  81  82  83  84  85  86  87  88  89  90  91  92  93  94  95  96  97  98  99  37  38  39  40  41  42  36  35  34  43  44  

push_swap_last_process
  tree->size:2
tree_num: 88
a: 0   1   2   3   4   5   6   7   8   9   10  11  12  13  14  15  16  17  18  19  20  21  22  23  24  25  26  27  28  29  30  31  32  33  43  44  
b: 45  46  47  48  49  50  51  52  53  54  55  56  57  58  59  60  61  62  63  64  65  66  67  68  69  70  71  72  73  74  75  76  77  78  79  80  81  82  83  84  85  86  87  88  89  90  91  92  93  94  95  96  97  98  99  37  38  39  40  41  42  36  35  34  

move to right, double,  tmp->size: 7
tree_num: 21
a: 3   4   5   6   7   8   9   10  11  12  13  14  15  16  17  18  19  20  21  22  23  24  25  26  27  28  29  30  31  32  33  43  44  0   1   2   
b: 52  53  54  55  56  57  58  59  60  61  62  63  64  65  66  67  68  69  70  71  72  73  74  75  76  77  78  79  80  81  82  83  84  85  86  87  88  89  90  91  92  93  94  95  96  97  98  99  37  38  39  40  41  42  36  35  34  45  46  47  48  49  50  51  

split_by_mid
tree_num: 44
a: 3   4   5   6   7   8   9   10  11  12  13  14  15  16  17  18  19  20  21  22  23  24  25  26  27  28  29  30  31  32  33  43  44  
b: 52  53  54  55  56  57  58  59  60  61  62  63  64  65  66  67  68  69  70  71  72  73  74  75  76  77  78  79  80  81  82  83  84  85  86  87  88  89  90  91  92  93  94  95  96  97  98  99  37  38  39  40  41  42  36  35  34  45  46  47  48  49  50  51  2   1   0   

left  size: 1
right  size: 2


push_swap_last_process
  tree->size:1
tree_num: 89
a: 3   4   5   6   7   8   9   10  11  12  13  14  15  16  17  18  19  20  21  22  23  24  25  26  27  28  29  30  31  32  33  43  44  0   
b: 52  53  54  55  56  57  58  59  60  61  62  63  64  65  66  67  68  69  70  71  72  73  74  75  76  77  78  79  80  81  82  83  84  85  86  87  88  89  90  91  92  93  94  95  96  97  98  99  37  38  39  40  41  42  36  35  34  45  46  47  48  49  50  51  2   1   

move to right, single,  tree->right->size: 2
tree_num: 44

push_swap_last_process
  tree->size:2
tree_num: 90
a: 5   6   7   8   9   10  11  12  13  14  15  16  17  18  19  20  21  22  23  24  25  26  27  28  29  30  31  32  33  43  44  0   3   4   
b: 52  53  54  55  56  57  58  59  60  61  62  63  64  65  66  67  68  69  70  71  72  73  74  75  76  77  78  79  80  81  82  83  84  85  86  87  88  89  90  91  92  93  94  95  96  97  98  99  37  38  39  40  41  42  36  35  34  45  46  47  48  49  50  51  2   1   

a: 5   6   7   8   9   10  11  12  13  14  15  16  17  18  19  20  21  22  23  24  25  26  27  28  29  30  31  32  33  43  44  0   3   4   
b: 52  53  54  55  56  57  58  59  60  61  62  63  64  65  66  67  68  69  70  71  72  73  74  75  76  77  78  79  80  81  82  83  84  85  86  87  88  89  90  91  92  93  94  95  96  97  98  99  37  38  39  40  41  42  36  35  34  45  46  47  48  49  50  51  2   1   

split_by_mid
tree_num: 22
a: 5   6   7   8   9   10  11  12  13  14  15  16  17  18  19  20  21  22  23  24  25  26  27  28  29  30  31  32  33  43  44  0   3   4   1   2   
b: 47  48  49  50  51  52  53  54  55  56  57  58  59  60  61  62  63  64  65  66  67  68  69  70  71  72  73  74  75  76  77  78  79  80  81  82  83  84  85  86  87  88  89  90  91  92  93  94  95  96  97  98  99  37  38  39  40  41  42  36  35  34  45  46  

left  size: 3
right  size: 4


split_by_mid
tree_num: 45
a: 5   6   7   8   9   10  11  12  13  14  15  16  17  18  19  20  21  22  23  24  25  26  27  28  29  30  31  32  33  43  44  0   3   
b: 47  48  49  50  51  52  53  54  55  56  57  58  59  60  61  62  63  64  65  66  67  68  69  70  71  72  73  74  75  76  77  78  79  80  81  82  83  84  85  86  87  88  89  90  91  92  93  94  95  96  97  98  99  37  38  39  40  41  42  36  35  34  45  46  2   1   4   

left  size: 1
right  size: 2


push_swap_last_process
  tree->size:1
tree_num: 91
a: 5   6   7   8   9   10  11  12  13  14  15  16  17  18  19  20  21  22  23  24  25  26  27  28  29  30  31  32  33  43  44  0   3   4   
b: 47  48  49  50  51  52  53  54  55  56  57  58  59  60  61  62  63  64  65  66  67  68  69  70  71  72  73  74  75  76  77  78  79  80  81  82  83  84  85  86  87  88  89  90  91  92  93  94  95  96  97  98  99  37  38  39  40  41  42  36  35  34  45  46  2   1   

move to right, single,  tree->right->size: 2
tree_num: 45

push_swap_last_process
  tree->size:2
tree_num: 92
a: 7   8   9   10  11  12  13  14  15  16  17  18  19  20  21  22  23  24  25  26  27  28  29  30  31  32  33  43  44  0   3   4   5   6   
b: 47  48  49  50  51  52  53  54  55  56  57  58  59  60  61  62  63  64  65  66  67  68  69  70  71  72  73  74  75  76  77  78  79  80  81  82  83  84  85  86  87  88  89  90  91  92  93  94  95  96  97  98  99  37  38  39  40  41  42  36  35  34  45  46  2   1   

move to right, single
tree_num: 22
a: 7   8   9   10  11  12  13  14  15  16  17  18  19  20  21  22  23  24  25  26  27  28  29  30  31  32  33  43  44  0   3   4   5   6   
b: 51  52  53  54  55  56  57  58  59  60  61  62  63  64  65  66  67  68  69  70  71  72  73  74  75  76  77  78  79  80  81  82  83  84  85  86  87  88  89  90  91  92  93  94  95  96  97  98  99  37  38  39  40  41  42  36  35  34  45  46  2   1   47  48  49  50  

split_by_mid
tree_num: 46
a: 7   8   9   10  11  12  13  14  15  16  17  18  19  20  21  22  23  24  25  26  27  28  29  30  31  32  33  43  44  0   3   4   5   6   47  
b: 48  49  50  51  52  53  54  55  56  57  58  59  60  61  62  63  64  65  66  67  68  69  70  71  72  73  74  75  76  77  78  79  80  81  82  83  84  85  86  87  88  89  90  91  92  93  94  95  96  97  98  99  37  38  39  40  41  42  36  35  34  45  46  2   1   

left  size: 2
right  size: 2


push_swap_last_process
  tree->size:2
tree_num: 93
a: 7   8   9   10  11  12  13  14  15  16  17  18  19  20  21  22  23  24  25  26  27  28  29  30  31  32  33  43  44  0   3   4   5   6   47  
b: 48  49  50  51  52  53  54  55  56  57  58  59  60  61  62  63  64  65  66  67  68  69  70  71  72  73  74  75  76  77  78  79  80  81  82  83  84  85  86  87  88  89  90  91  92  93  94  95  96  97  98  99  37  38  39  40  41  42  36  35  34  45  46  2   1   

move to right, single
tree_num: 46
a: 7   8   9   10  11  12  13  14  15  16  17  18  19  20  21  22  23  24  25  26  27  28  29  30  31  32  33  43  44  0   3   4   5   6   47  
b: 50  51  52  53  54  55  56  57  58  59  60  61  62  63  64  65  66  67  68  69  70  71  72  73  74  75  76  77  78  79  80  81  82  83  84  85  86  87  88  89  90  91  92  93  94  95  96  97  98  99  37  38  39  40  41  42  36  35  34  45  46  2   1   48  49  

push_swap_last_process
  tree->size:2
tree_num: 94
a: 7   8   9   10  11  12  13  14  15  16  17  18  19  20  21  22  23  24  25  26  27  28  29  30  31  32  33  43  44  0   3   4   5   6   47  48  49  
b: 50  51  52  53  54  55  56  57  58  59  60  61  62  63  64  65  66  67  68  69  70  71  72  73  74  75  76  77  78  79  80  81  82  83  84  85  86  87  88  89  90  91  92  93  94  95  96  97  98  99  37  38  39  40  41  42  36  35  34  45  46  2   1   

push_swap_process    in first.c
split_by_mid
tree_num: 2
a: 7   8   9   10  11  12  13  14  15  16  17  18  19  20  21  22  23  24  25  26  27  28  29  30  31  32  33  43  44  0   3   4   5   6   47  48  49  1   2   46  45  34  35  36  42  41  40  39  38  37  74  73  72  71  70  69  68  67  66  65  64  63  
b: 75  76  77  78  79  80  81  82  83  84  85  86  87  88  89  90  91  92  93  94  95  96  97  98  99  50  51  52  53  54  55  56  57  58  59  60  61  62  

left  size: 25
right  size: 25


split_by_mid
tree_num: 5
a: 74  73  72  71  70  69  68  67  66  65  64  63  7   8   9   10  11  12  13  14  15  16  17  18  19  20  21  22  23  24  25  26  27  28  29  30  31  32  33  43  44  0   3   4   5   6   47  48  49  
b: 75  76  77  78  79  80  81  82  83  84  85  86  87  88  89  90  91  92  93  94  95  96  97  98  99  50  51  52  53  54  55  56  57  58  59  60  61  62  37  38  39  40  41  42  36  35  34  45  46  2   1   

left  size: 12
right  size: 13


split_by_mid
tree_num: 11
a: 74  73  72  71  70  69  68  67  66  65  64  63  7   8   9   10  11  12  13  14  15  16  17  18  19  20  21  22  23  24  25  26  27  28  29  30  31  32  33  43  44  0   3   4   5   6   47  48  49  1   2   46  45  34  35  36  42  41  40  39  38  
b: 75  76  77  78  79  80  81  82  83  84  85  86  87  88  89  90  91  92  93  94  95  96  97  98  99  50  51  52  53  54  55  56  57  58  59  60  61  62  37  

left  size: 6
right  size: 6


split_by_mid
tree_num: 23
a: 74  73  72  71  70  69  68  67  66  65  64  63  7   8   9   10  11  12  13  14  15  16  17  18  19  20  21  22  23  24  25  26  27  28  29  30  31  32  33  43  44  0   3   4   5   6   47  48  49  1   2   46  45  34  35  
b: 75  76  77  78  79  80  81  82  83  84  85  86  87  88  89  90  91  92  93  94  95  96  97  98  99  50  51  52  53  54  55  56  57  58  59  60  61  62  37  38  39  40  41  42  36  

left  size: 3
right  size: 3


split_by_mid
tree_num: 47
a: 74  73  72  71  70  69  68  67  66  65  64  63  7   8   9   10  11  12  13  14  15  16  17  18  19  20  21  22  23  24  25  26  27  28  29  30  31  32  33  43  44  0   3   4   5   6   47  48  49  1   2   46  45  34  35  36  42  41  
b: 75  76  77  78  79  80  81  82  83  84  85  86  87  88  89  90  91  92  93  94  95  96  97  98  99  50  51  52  53  54  55  56  57  58  59  60  61  62  37  38  39  40  

left  size: 1
right  size: 2


push_swap_last_process
  tree->size:1
tree_num: 95
a: 74  73  72  71  70  69  68  67  66  65  64  63  7   8   9   10  11  12  13  14  15  16  17  18  19  20  21  22  23  24  25  26  27  28  29  30  31  32  33  43  44  0   3   4   5   6   47  48  49  1   2   46  45  34  35  36  42  41  
b: 75  76  77  78  79  80  81  82  83  84  85  86  87  88  89  90  91  92  93  94  95  96  97  98  99  50  51  52  53  54  55  56  57  58  59  60  61  62  37  38  39  40  

move to right, single
tree_num: 47
a: 74  73  72  71  70  69  68  67  66  65  64  63  7   8   9   10  11  12  13  14  15  16  17  18  19  20  21  22  23  24  25  26  27  28  29  30  31  32  33  43  44  0   3   4   5   6   47  48  49  1   2   46  45  34  35  36  42  41  
b: 77  78  79  80  81  82  83  84  85  86  87  88  89  90  91  92  93  94  95  96  97  98  99  50  51  52  53  54  55  56  57  58  59  60  61  62  37  38  39  40  75  76  

push_swap_last_process
  tree->size:2
tree_num: 96
a: 74  73  72  71  70  69  68  67  66  65  64  63  7   8   9   10  11  12  13  14  15  16  17  18  19  20  21  22  23  24  25  26  27  28  29  30  31  32  33  43  44  0   3   4   5   6   47  48  49  1   2   46  45  34  35  36  42  41  75  76  
b: 77  78  79  80  81  82  83  84  85  86  87  88  89  90  91  92  93  94  95  96  97  98  99  50  51  52  53  54  55  56  57  58  59  60  61  62  37  38  39  40  

move to right, double,  tmp->size: 6
tree_num: 23
a: 71  70  69  68  67  66  65  64  63  7   8   9   10  11  12  13  14  15  16  17  18  19  20  21  22  23  24  25  26  27  28  29  30  31  32  33  43  44  0   3   4   5   6   47  48  49  1   2   46  45  34  35  36  42  41  75  76  74  73  72  
b: 83  84  85  86  87  88  89  90  91  92  93  94  95  96  97  98  99  50  51  52  53  54  55  56  57  58  59  60  61  62  37  38  39  40  77  78  79  80  81  82  

split_by_mid
tree_num: 48
a: 74  73  72  71  70  69  68  67  66  65  64  63  7   8   9   10  11  12  13  14  15  16  17  18  19  20  21  22  23  24  25  26  27  28  29  30  31  32  33  43  44  0   3   4   5   6   47  48  49  1   2   46  45  34  35  36  42  41  75  76  
b: 83  84  85  86  87  88  89  90  91  92  93  94  95  96  97  98  99  50  51  52  53  54  55  56  57  58  59  60  61  62  37  38  39  40  77  78  79  80  81  82  

left  size: 1
right  size: 2


push_swap_last_process
  tree->size:1
tree_num: 97
a: 74  73  72  71  70  69  68  67  66  65  64  63  7   8   9   10  11  12  13  14  15  16  17  18  19  20  21  22  23  24  25  26  27  28  29  30  31  32  33  43  44  0   3   4   5   6   47  48  49  1   2   46  45  34  35  36  42  41  75  76  82  
b: 83  84  85  86  87  88  89  90  91  92  93  94  95  96  97  98  99  50  51  52  53  54  55  56  57  58  59  60  61  62  37  38  39  40  77  78  79  80  81  

move to right, single,  tree->right->size: 2
tree_num: 48

push_swap_last_process
  tree->size:2
tree_num: 98
a: 72  71  70  69  68  67  66  65  64  63  7   8   9   10  11  12  13  14  15  16  17  18  19  20  21  22  23  24  25  26  27  28  29  30  31  32  33  43  44  0   3   4   5   6   47  48  49  1   2   46  45  34  35  36  42  41  75  76  82  73  74  
b: 83  84  85  86  87  88  89  90  91  92  93  94  95  96  97  98  99  50  51  52  53  54  55  56  57  58  59  60  61  62  37  38  39  40  77  78  79  80  81  

a: 72  71  70  69  68  67  66  65  64  63  7   8   9   10  11  12  13  14  15  16  17  18  19  20  21  22  23  24  25  26  27  28  29  30  31  32  33  43  44  0   3   4   5   6   47  48  49  1   2   46  45  34  35  36  42  41  75  76  82  73  74  
b: 83  84  85  86  87  88  89  90  91  92  93  94  95  96  97  98  99  50  51  52  53  54  55  56  57  58  59  60  61  62  37  38  39  40  77  78  79  80  81  

split_by_mid
tree_num: 24
a: 72  71  70  69  68  67  66  65  64  63  7   8   9   10  11  12  13  14  15  16  17  18  19  20  21  22  23  24  25  26  27  28  29  30  31  32  33  43  44  0   3   4   5   6   47  48  49  1   2   46  45  34  35  36  42  41  75  76  82  73  74  40  
b: 77  78  79  80  81  83  84  85  86  87  88  89  90  91  92  93  94  95  96  97  98  99  50  51  52  53  54  55  56  57  58  59  60  61  62  37  38  39  

left  size: 3
right  size: 3


split_by_mid
tree_num: 49
a: 73  74  72  71  70  69  68  67  66  65  64  63  7   8   9   10  11  12  13  14  15  16  17  18  19  20  21  22  23  24  25  26  27  28  29  30  31  32  33  43  44  0   3   4   5   6   47  48  49  1   2   46  45  34  35  36  42  41  75  76  82  
b: 77  78  79  80  81  83  84  85  86  87  88  89  90  91  92  93  94  95  96  97  98  99  50  51  52  53  54  55  56  57  58  59  60  61  62  37  38  39  40  

left  size: 1
right  size: 2


push_swap_last_process
  tree->size:1
tree_num: 99
a: 73  74  72  71  70  69  68  67  66  65  64  63  7   8   9   10  11  12  13  14  15  16  17  18  19  20  21  22  23  24  25  26  27  28  29  30  31  32  33  43  44  0   3   4   5   6   47  48  49  1   2   46  45  34  35  36  42  41  75  76  82  40  
b: 77  78  79  80  81  83  84  85  86  87  88  89  90  91  92  93  94  95  96  97  98  99  50  51  52  53  54  55  56  57  58  59  60  61  62  37  38  39  

move to right, single,  tree->right->size: 2
tree_num: 49

push_swap_last_process
  tree->size:2
tree_num: 100
a: 72  71  70  69  68  67  66  65  64  63  7   8   9   10  11  12  13  14  15  16  17  18  19  20  21  22  23  24  25  26  27  28  29  30  31  32  33  43  44  0   3   4   5   6   47  48  49  1   2   46  45  34  35  36  42  41  75  76  82  40  73  74  
b: 77  78  79  80  81  83  84  85  86  87  88  89  90  91  92  93  94  95  96  97  98  99  50  51  52  53  54  55  56  57  58  59  60  61  62  37  38  39  

move to right, single
tree_num: 24
a: 72  71  70  69  68  67  66  65  64  63  7   8   9   10  11  12  13  14  15  16  17  18  19  20  21  22  23  24  25  26  27  28  29  30  31  32  33  43  44  0   3   4   5   6   47  48  49  1   2   46  45  34  35  36  42  41  75  76  82  40  73  74  
b: 80  81  83  84  85  86  87  88  89  90  91  92  93  94  95  96  97  98  99  50  51  52  53  54  55  56  57  58  59  60  61  62  37  38  39  77  78  79  

split_by_mid
tree_num: 50
a: 72  71  70  69  68  67  66  65  64  63  7   8   9   10  11  12  13  14  15  16  17  18  19  20  21  22  23  24  25  26  27  28  29  30  31  32  33  43  44  0   3   4   5   6   47  48  49  1   2   46  45  34  35  36  42  41  75  76  82  40  73  74  
b: 77  78  79  80  81  83  84  85  86  87  88  89  90  91  92  93  94  95  96  97  98  99  50  51  52  53  54  55  56  57  58  59  60  61  62  37  38  39  

left  size: 1
right  size: 2


push_swap_last_process
  tree->size:1
tree_num: 101
a: 72  71  70  69  68  67  66  65  64  63  7   8   9   10  11  12  13  14  15  16  17  18  19  20  21  22  23  24  25  26  27  28  29  30  31  32  33  43  44  0   3   4   5   6   47  48  49  1   2   46  45  34  35  36  42  41  75  76  82  40  73  74  
b: 77  78  79  80  81  83  84  85  86  87  88  89  90  91  92  93  94  95  96  97  98  99  50  51  52  53  54  55  56  57  58  59  60  61  62  37  38  39  

move to right, single
tree_num: 50
a: 72  71  70  69  68  67  66  65  64  63  7   8   9   10  11  12  13  14  15  16  17  18  19  20  21  22  23  24  25  26  27  28  29  30  31  32  33  43  44  0   3   4   5   6   47  48  49  1   2   46  45  34  35  36  42  41  75  76  82  40  73  74  
b: 79  80  81  83  84  85  86  87  88  89  90  91  92  93  94  95  96  97  98  99  50  51  52  53  54  55  56  57  58  59  60  61  62  37  38  39  77  78  

push_swap_last_process
  tree->size:2
tree_num: 102
a: 72  71  70  69  68  67  66  65  64  63  7   8   9   10  11  12  13  14  15  16  17  18  19  20  21  22  23  24  25  26  27  28  29  30  31  32  33  43  44  0   3   4   5   6   47  48  49  1   2   46  45  34  35  36  42  41  75  76  82  40  73  74  77  78  
b: 79  80  81  83  84  85  86  87  88  89  90  91  92  93  94  95  96  97  98  99  50  51  52  53  54  55  56  57  58  59  60  61  62  37  38  39  

move to right, double,  tmp->size: 25
tree_num: 5
a: 10  11  12  13  14  15  16  17  18  19  20  21  22  23  24  25  26  27  28  29  30  31  32  33  43  44  0   3   4   5   6   47  48  49  1   2   46  45  34  35  36  42  41  75  76  82  40  73  74  77  78  72  71  70  69  68  67  66  65  64  63  7   8   9   
b: 55  56  57  58  59  60  61  62  37  38  39  79  80  81  83  84  85  86  87  88  89  90  91  92  93  94  95  96  97  98  99  50  51  52  53  54  

split_by_mid
tree_num: 12
a: 72  71  70  69  68  10  11  12  13  14  15  16  17  18  19  20  21  22  23  24  25  26  27  28  29  30  31  32  33  43  44  0   3   4   5   6   47  48  49  1   2   46  45  34  35  36  42  41  75  76  82  40  73  74  77  78  
b: 55  56  57  58  59  60  61  62  37  38  39  79  80  81  83  84  85  86  87  88  89  90  91  92  93  94  95  96  97  98  99  50  51  52  53  54  9   8   7   63  64  65  66  67  

left  size: 6
right  size: 7


split_by_mid
tree_num: 25
a: 72  71  70  69  68  10  11  12  13  14  15  16  17  18  19  20  21  22  23  24  25  26  27  28  29  30  31  32  33  43  44  0   3   4   5   6   47  48  49  1   2   46  45  34  35  36  42  41  75  76  82  40  73  74  77  78  64  63  7   
b: 65  66  67  55  56  57  58  59  60  61  62  37  38  39  79  80  81  83  84  85  86  87  88  89  90  91  92  93  94  95  96  97  98  99  50  51  52  53  54  9   8   

left  size: 3
right  size: 3


split_by_mid
tree_num: 51
a: 64  63  72  71  70  69  68  10  11  12  13  14  15  16  17  18  19  20  21  22  23  24  25  26  27  28  29  30  31  32  33  43  44  0   3   4   5   6   47  48  49  1   2   46  45  34  35  36  42  41  75  76  82  40  73  74  77  78  
b: 65  66  67  55  56  57  58  59  60  61  62  37  38  39  79  80  81  83  84  85  86  87  88  89  90  91  92  93  94  95  96  97  98  99  50  51  52  53  54  9   8   7   

left  size: 1
right  size: 2


push_swap_last_process
  tree->size:1
tree_num: 103
a: 64  63  72  71  70  69  68  10  11  12  13  14  15  16  17  18  19  20  21  22  23  24  25  26  27  28  29  30  31  32  33  43  44  0   3   4   5   6   47  48  49  1   2   46  45  34  35  36  42  41  75  76  82  40  73  74  77  78  7   
b: 65  66  67  55  56  57  58  59  60  61  62  37  38  39  79  80  81  83  84  85  86  87  88  89  90  91  92  93  94  95  96  97  98  99  50  51  52  53  54  9   8   

move to right, single,  tree->right->size: 2
tree_num: 51

push_swap_last_process
  tree->size:2
tree_num: 104
a: 72  71  70  69  68  10  11  12  13  14  15  16  17  18  19  20  21  22  23  24  25  26  27  28  29  30  31  32  33  43  44  0   3   4   5   6   47  48  49  1   2   46  45  34  35  36  42  41  75  76  82  40  73  74  77  78  7   63  64  
b: 65  66  67  55  56  57  58  59  60  61  62  37  38  39  79  80  81  83  84  85  86  87  88  89  90  91  92  93  94  95  96  97  98  99  50  51  52  53  54  9   8   

move to right, single
tree_num: 25
a: 72  71  70  69  68  10  11  12  13  14  15  16  17  18  19  20  21  22  23  24  25  26  27  28  29  30  31  32  33  43  44  0   3   4   5   6   47  48  49  1   2   46  45  34  35  36  42  41  75  76  82  40  73  74  77  78  7   63  64  
b: 55  56  57  58  59  60  61  62  37  38  39  79  80  81  83  84  85  86  87  88  89  90  91  92  93  94  95  96  97  98  99  50  51  52  53  54  9   8   65  66  67  

split_by_mid
tree_num: 52
a: 72  71  70  69  68  10  11  12  13  14  15  16  17  18  19  20  21  22  23  24  25  26  27  28  29  30  31  32  33  43  44  0   3   4   5   6   47  48  49  1   2   46  45  34  35  36  42  41  75  76  82  40  73  74  77  78  7   63  64  65  
b: 66  67  55  56  57  58  59  60  61  62  37  38  39  79  80  81  83  84  85  86  87  88  89  90  91  92  93  94  95  96  97  98  99  50  51  52  53  54  9   8   

left  size: 1
right  size: 2


push_swap_last_process
  tree->size:1
tree_num: 105
a: 72  71  70  69  68  10  11  12  13  14  15  16  17  18  19  20  21  22  23  24  25  26  27  28  29  30  31  32  33  43  44  0   3   4   5   6   47  48  49  1   2   46  45  34  35  36  42  41  75  76  82  40  73  74  77  78  7   63  64  65  
b: 66  67  55  56  57  58  59  60  61  62  37  38  39  79  80  81  83  84  85  86  87  88  89  90  91  92  93  94  95  96  97  98  99  50  51  52  53  54  9   8   

move to right, single
tree_num: 52
a: 72  71  70  69  68  10  11  12  13  14  15  16  17  18  19  20  21  22  23  24  25  26  27  28  29  30  31  32  33  43  44  0   3   4   5   6   47  48  49  1   2   46  45  34  35  36  42  41  75  76  82  40  73  74  77  78  7   63  64  65  
b: 55  56  57  58  59  60  61  62  37  38  39  79  80  81  83  84  85  86  87  88  89  90  91  92  93  94  95  96  97  98  99  50  51  52  53  54  9   8   66  67  

push_swap_last_process
  tree->size:2
tree_num: 106
a: 72  71  70  69  68  10  11  12  13  14  15  16  17  18  19  20  21  22  23  24  25  26  27  28  29  30  31  32  33  43  44  0   3   4   5   6   47  48  49  1   2   46  45  34  35  36  42  41  75  76  82  40  73  74  77  78  7   63  64  65  66  67  
b: 55  56  57  58  59  60  61  62  37  38  39  79  80  81  83  84  85  86  87  88  89  90  91  92  93  94  95  96  97  98  99  50  51  52  53  54  9   8   

move to right, double,  tmp->size: 13
tree_num: 12
a: 12  13  14  15  16  17  18  19  20  21  22  23  24  25  26  27  28  29  30  31  32  33  43  44  0   3   4   5   6   47  48  49  1   2   46  45  34  35  36  42  41  75  76  82  40  73  74  77  78  7   63  64  65  66  67  72  71  70  69  68  10  11  
b: 81  83  84  85  86  87  88  89  90  91  92  93  94  95  96  97  98  99  50  51  52  53  54  9   8   55  56  57  58  59  60  61  62  37  38  39  79  80  

split_by_mid
tree_num: 26
a: 72  71  12  13  14  15  16  17  18  19  20  21  22  23  24  25  26  27  28  29  30  31  32  33  43  44  0   3   4   5   6   47  48  49  1   2   46  45  34  35  36  42  41  75  76  82  40  73  74  77  78  7   63  64  65  66  67  
b: 81  83  84  85  86  87  88  89  90  91  92  93  94  95  96  97  98  99  50  51  52  53  54  9   8   55  56  57  58  59  60  61  62  37  38  39  79  80  11  10  68  69  70  

left  size: 3
right  size: 4


split_by_mid
tree_num: 53
a: 72  71  12  13  14  15  16  17  18  19  20  21  22  23  24  25  26  27  28  29  30  31  32  33  43  44  0   3   4   5   6   47  48  49  1   2   46  45  34  35  36  42  41  75  76  82  40  73  74  77  78  7   63  64  65  66  67  68  
b: 69  70  81  83  84  85  86  87  88  89  90  91  92  93  94  95  96  97  98  99  50  51  52  53  54  9   8   55  56  57  58  59  60  61  62  37  38  39  79  80  11  10  

left  size: 1
right  size: 2


push_swap_last_process
  tree->size:1
tree_num: 107
a: 72  71  12  13  14  15  16  17  18  19  20  21  22  23  24  25  26  27  28  29  30  31  32  33  43  44  0   3   4   5   6   47  48  49  1   2   46  45  34  35  36  42  41  75  76  82  40  73  74  77  78  7   63  64  65  66  67  68  
b: 69  70  81  83  84  85  86  87  88  89  90  91  92  93  94  95  96  97  98  99  50  51  52  53  54  9   8   55  56  57  58  59  60  61  62  37  38  39  79  80  11  10  

move to right, single
tree_num: 53
a: 72  71  12  13  14  15  16  17  18  19  20  21  22  23  24  25  26  27  28  29  30  31  32  33  43  44  0   3   4   5   6   47  48  49  1   2   46  45  34  35  36  42  41  75  76  82  40  73  74  77  78  7   63  64  65  66  67  68  
b: 81  83  84  85  86  87  88  89  90  91  92  93  94  95  96  97  98  99  50  51  52  53  54  9   8   55  56  57  58  59  60  61  62  37  38  39  79  80  11  10  69  70  

push_swap_last_process
  tree->size:2
tree_num: 108
a: 72  71  12  13  14  15  16  17  18  19  20  21  22  23  24  25  26  27  28  29  30  31  32  33  43  44  0   3   4   5   6   47  48  49  1   2   46  45  34  35  36  42  41  75  76  82  40  73  74  77  78  7   63  64  65  66  67  68  69  70  
b: 81  83  84  85  86  87  88  89  90  91  92  93  94  95  96  97  98  99  50  51  52  53  54  9   8   55  56  57  58  59  60  61  62  37  38  39  79  80  11  10  

move to right, double,  tmp->size: 7
tree_num: 26
a: 14  15  16  17  18  19  20  21  22  23  24  25  26  27  28  29  30  31  32  33  43  44  0   3   4   5   6   47  48  49  1   2   46  45  34  35  36  42  41  75  76  82  40  73  74  77  78  7   63  64  65  66  67  68  69  70  72  71  12  13  
b: 89  90  91  92  93  94  95  96  97  98  99  50  51  52  53  54  9   8   55  56  57  58  59  60  61  62  37  38  39  79  80  11  10  81  83  84  85  86  87  88  

split_by_mid
tree_num: 54
a: 14  15  16  17  18  19  20  21  22  23  24  25  26  27  28  29  30  31  32  33  43  44  0   3   4   5   6   47  48  49  1   2   46  45  34  35  36  42  41  75  76  82  40  73  74  77  78  7   63  64  65  66  67  68  69  70  
b: 89  90  91  92  93  94  95  96  97  98  99  50  51  52  53  54  9   8   55  56  57  58  59  60  61  62  37  38  39  79  80  11  10  81  83  84  85  86  87  88  13  12  71  72  

left  size: 2
right  size: 2


push_swap_last_process
  tree->size:2
tree_num: 109
a: 14  15  16  17  18  19  20  21  22  23  24  25  26  27  28  29  30  31  32  33  43  44  0   3   4   5   6   47  48  49  1   2   46  45  34  35  36  42  41  75  76  82  40  73  74  77  78  7   63  64  65  66  67  68  69  70  71  72  
b: 89  90  91  92  93  94  95  96  97  98  99  50  51  52  53  54  9   8   55  56  57  58  59  60  61  62  37  38  39  79  80  11  10  81  83  84  85  86  87  88  13  12  

move to right, single,  tree->right->size: 2
tree_num: 54

push_swap_last_process
  tree->size:2
tree_num: 110
a: 16  17  18  19  20  21  22  23  24  25  26  27  28  29  30  31  32  33  43  44  0   3   4   5   6   47  48  49  1   2   46  45  34  35  36  42  41  75  76  82  40  73  74  77  78  7   63  64  65  66  67  68  69  70  71  72  14  15  
b: 89  90  91  92  93  94  95  96  97  98  99  50  51  52  53  54  9   8   55  56  57  58  59  60  61  62  37  38  39  79  80  11  10  81  83  84  85  86  87  88  13  12  

a: 16  17  18  19  20  21  22  23  24  25  26  27  28  29  30  31  32  33  43  44  0   3   4   5   6   47  48  49  1   2   46  45  34  35  36  42  41  75  76  82  40  73  74  77  78  7   63  64  65  66  67  68  69  70  71  72  14  15  
b: 89  90  91  92  93  94  95  96  97  98  99  50  51  52  53  54  9   8   55  56  57  58  59  60  61  62  37  38  39  79  80  11  10  81  83  84  85  86  87  88  13  12  

split_by_mid
tree_num: 6
a: 16  17  18  19  20  21  22  23  24  25  26  27  28  29  30  31  32  33  43  44  0   3   4   5   6   47  48  49  1   2   46  45  34  35  36  42  41  75  76  82  40  73  74  77  78  7   63  64  65  66  67  68  69  70  71  72  14  15  12  13  86  85  84  83  81  10  11  80  79  39  38  37  62  61  60  59  58  57  56  55  8   
b: 87  88  89  90  91  92  93  94  95  96  97  98  99  50  51  52  53  54  9   

left  size: 12
right  size: 13


split_by_mid
tree_num: 13
a: 16  17  18  19  20  21  22  23  24  25  26  27  28  29  30  31  32  33  43  44  0   3   4   5   6   47  48  49  1   2   46  45  34  35  36  42  41  75  76  82  40  73  74  77  78  7   63  64  65  66  67  68  69  70  71  72  14  15  12  13  86  85  84  83  81  10  11  80  79  
b: 87  88  89  90  91  92  93  94  95  96  97  98  99  50  51  52  53  54  9   8   55  56  57  58  59  60  61  62  37  38  39  

left  size: 6
right  size: 6


split_by_mid
tree_num: 27
a: 16  17  18  19  20  21  22  23  24  25  26  27  28  29  30  31  32  33  43  44  0   3   4   5   6   47  48  49  1   2   46  45  34  35  36  42  41  75  76  82  40  73  74  77  78  7   63  64  65  66  67  68  69  70  71  72  14  15  12  13  86  85  84  83  81  10  11  80  79  39  38  37  62  61  60  
b: 87  88  89  90  91  92  93  94  95  96  97  98  99  50  51  52  53  54  9   8   55  56  57  58  59  

left  size: 3
right  size: 3


split_by_mid
tree_num: 55
a: 16  17  18  19  20  21  22  23  24  25  26  27  28  29  30  31  32  33  43  44  0   3   4   5   6   47  48  49  1   2   46  45  34  35  36  42  41  75  76  82  40  73  74  77  78  7   63  64  65  66  67  68  69  70  71  72  14  15  12  13  86  85  84  83  81  10  11  80  79  39  38  37  
b: 87  88  89  90  91  92  93  94  95  96  97  98  99  50  51  52  53  54  9   8   55  56  57  58  59  60  61  62  

left  size: 1
right  size: 2


push_swap_last_process
  tree->size:1
tree_num: 111
a: 16  17  18  19  20  21  22  23  24  25  26  27  28  29  30  31  32  33  43  44  0   3   4   5   6   47  48  49  1   2   46  45  34  35  36  42  41  75  76  82  40  73  74  77  78  7   63  64  65  66  67  68  69  70  71  72  14  15  12  13  86  85  84  83  81  10  11  80  79  39  38  37  62  
b: 87  88  89  90  91  92  93  94  95  96  97  98  99  50  51  52  53  54  9   8   55  56  57  58  59  60  61  

move to right, single,  tree->right->size: 2
tree_num: 55

push_swap_last_process
  tree->size:2
tree_num: 112
a: 18  19  20  21  22  23  24  25  26  27  28  29  30  31  32  33  43  44  0   3   4   5   6   47  48  49  1   2   46  45  34  35  36  42  41  75  76  82  40  73  74  77  78  7   63  64  65  66  67  68  69  70  71  72  14  15  12  13  86  85  84  83  81  10  11  80  79  39  38  37  62  16  17  
b: 87  88  89  90  91  92  93  94  95  96  97  98  99  50  51  52  53  54  9   8   55  56  57  58  59  60  61  

move to right, single
tree_num: 27
a: 18  19  20  21  22  23  24  25  26  27  28  29  30  31  32  33  43  44  0   3   4   5   6   47  48  49  1   2   46  45  34  35  36  42  41  75  76  82  40  73  74  77  78  7   63  64  65  66  67  68  69  70  71  72  14  15  12  13  86  85  84  83  81  10  11  80  79  39  38  37  62  16  17  
b: 90  91  92  93  94  95  96  97  98  99  50  51  52  53  54  9   8   55  56  57  58  59  60  61  87  88  89  

split_by_mid
tree_num: 56
a: 18  19  20  21  22  23  24  25  26  27  28  29  30  31  32  33  43  44  0   3   4   5   6   47  48  49  1   2   46  45  34  35  36  42  41  75  76  82  40  73  74  77  78  7   63  64  65  66  67  68  69  70  71  72  14  15  12  13  86  85  84  83  81  10  11  80  79  39  38  37  62  16  17  
b: 87  88  89  90  91  92  93  94  95  96  97  98  99  50  51  52  53  54  9   8   55  56  57  58  59  60  61  

left  size: 1
right  size: 2


push_swap_last_process
  tree->size:1
tree_num: 113
a: 18  19  20  21  22  23  24  25  26  27  28  29  30  31  32  33  43  44  0   3   4   5   6   47  48  49  1   2   46  45  34  35  36  42  41  75  76  82  40  73  74  77  78  7   63  64  65  66  67  68  69  70  71  72  14  15  12  13  86  85  84  83  81  10  11  80  79  39  38  37  62  16  17  
b: 87  88  89  90  91  92  93  94  95  96  97  98  99  50  51  52  53  54  9   8   55  56  57  58  59  60  61  

move to right, single
tree_num: 56
a: 18  19  20  21  22  23  24  25  26  27  28  29  30  31  32  33  43  44  0   3   4   5   6   47  48  49  1   2   46  45  34  35  36  42  41  75  76  82  40  73  74  77  78  7   63  64  65  66  67  68  69  70  71  72  14  15  12  13  86  85  84  83  81  10  11  80  79  39  38  37  62  16  17  
b: 89  90  91  92  93  94  95  96  97  98  99  50  51  52  53  54  9   8   55  56  57  58  59  60  61  87  88  

push_swap_last_process
  tree->size:2
tree_num: 114
a: 18  19  20  21  22  23  24  25  26  27  28  29  30  31  32  33  43  44  0   3   4   5   6   47  48  49  1   2   46  45  34  35  36  42  41  75  76  82  40  73  74  77  78  7   63  64  65  66  67  68  69  70  71  72  14  15  12  13  86  85  84  83  81  10  11  80  79  39  38  37  62  16  17  87  88  
b: 89  90  91  92  93  94  95  96  97  98  99  50  51  52  53  54  9   8   55  56  57  58  59  60  61  

move to right, double,  tmp->size: 13
tree_num: 13
a: 24  25  26  27  28  29  30  31  32  33  43  44  0   3   4   5   6   47  48  49  1   2   46  45  34  35  36  42  41  75  76  82  40  73  74  77  78  7   63  64  65  66  67  68  69  70  71  72  14  15  12  13  86  85  84  83  81  10  11  80  79  39  38  37  62  16  17  87  88  18  19  20  21  22  23  
b: 52  53  54  9   8   55  56  57  58  59  60  61  89  90  91  92  93  94  95  96  97  98  99  50  51  

split_by_mid
tree_num: 28
a: 24  25  26  27  28  29  30  31  32  33  43  44  0   3   4   5   6   47  48  49  1   2   46  45  34  35  36  42  41  75  76  82  40  73  74  77  78  7   63  64  65  66  67  68  69  70  71  72  14  15  12  13  86  85  84  83  81  10  11  80  79  39  38  37  62  16  17  87  88  
b: 52  53  54  9   8   55  56  57  58  59  60  61  89  90  91  92  93  94  95  96  97  98  99  50  51  23  22  21  20  19  18  

left  size: 3
right  size: 3


split_by_mid
tree_num: 57
a: 24  25  26  27  28  29  30  31  32  33  43  44  0   3   4   5   6   47  48  49  1   2   46  45  34  35  36  42  41  75  76  82  40  73  74  77  78  7   63  64  65  66  67  68  69  70  71  72  14  15  12  13  86  85  84  83  81  10  11  80  79  39  38  37  62  16  17  87  88  18  19  20  
b: 52  53  54  9   8   55  56  57  58  59  60  61  89  90  91  92  93  94  95  96  97  98  99  50  51  23  22  21  

left  size: 1
right  size: 2


push_swap_last_process
  tree->size:1
tree_num: 115
a: 24  25  26  27  28  29  30  31  32  33  43  44  0   3   4   5   6   47  48  49  1   2   46  45  34  35  36  42  41  75  76  82  40  73  74  77  78  7   63  64  65  66  67  68  69  70  71  72  14  15  12  13  86  85  84  83  81  10  11  80  79  39  38  37  62  16  17  87  88  18  19  20  
b: 52  53  54  9   8   55  56  57  58  59  60  61  89  90  91  92  93  94  95  96  97  98  99  50  51  23  22  21  

move to right, single
tree_num: 57
a: 24  25  26  27  28  29  30  31  32  33  43  44  0   3   4   5   6   47  48  49  1   2   46  45  34  35  36  42  41  75  76  82  40  73  74  77  78  7   63  64  65  66  67  68  69  70  71  72  14  15  12  13  86  85  84  83  81  10  11  80  79  39  38  37  62  16  17  87  88  18  19  20  
b: 54  9   8   55  56  57  58  59  60  61  89  90  91  92  93  94  95  96  97  98  99  50  51  23  22  21  52  53  

push_swap_last_process
  tree->size:2
tree_num: 116
a: 24  25  26  27  28  29  30  31  32  33  43  44  0   3   4   5   6   47  48  49  1   2   46  45  34  35  36  42  41  75  76  82  40  73  74  77  78  7   63  64  65  66  67  68  69  70  71  72  14  15  12  13  86  85  84  83  81  10  11  80  79  39  38  37  62  16  17  87  88  18  19  20  52  53  
b: 54  9   8   55  56  57  58  59  60  61  89  90  91  92  93  94  95  96  97  98  99  50  51  23  22  21  

move to right, double,  tmp->size: 6
tree_num: 28
a: 27  28  29  30  31  32  33  43  44  0   3   4   5   6   47  48  49  1   2   46  45  34  35  36  42  41  75  76  82  40  73  74  77  78  7   63  64  65  66  67  68  69  70  71  72  14  15  12  13  86  85  84  83  81  10  11  80  79  39  38  37  62  16  17  87  88  18  19  20  52  53  24  25  26  
b: 58  59  60  61  89  90  91  92  93  94  95  96  97  98  99  50  51  23  22  21  54  9   8   55  56  57  

split_by_mid
tree_num: 58
a: 27  28  29  30  31  32  33  43  44  0   3   4   5   6   47  48  49  1   2   46  45  34  35  36  42  41  75  76  82  40  73  74  77  78  7   63  64  65  66  67  68  69  70  71  72  14  15  12  13  86  85  84  83  81  10  11  80  79  39  38  37  62  16  17  87  88  18  19  20  52  53  
b: 58  59  60  61  89  90  91  92  93  94  95  96  97  98  99  50  51  23  22  21  54  9   8   55  56  57  26  25  24  

left  size: 1
right  size: 2


push_swap_last_process
  tree->size:1
tree_num: 117
a: 27  28  29  30  31  32  33  43  44  0   3   4   5   6   47  48  49  1   2   46  45  34  35  36  42  41  75  76  82  40  73  74  77  78  7   63  64  65  66  67  68  69  70  71  72  14  15  12  13  86  85  84  83  81  10  11  80  79  39  38  37  62  16  17  87  88  18  19  20  52  53  24  
b: 58  59  60  61  89  90  91  92  93  94  95  96  97  98  99  50  51  23  22  21  54  9   8   55  56  57  26  25  

move to right, single,  tree->right->size: 2
tree_num: 58

push_swap_last_process
  tree->size:2
tree_num: 118
a: 29  30  31  32  33  43  44  0   3   4   5   6   47  48  49  1   2   46  45  34  35  36  42  41  75  76  82  40  73  74  77  78  7   63  64  65  66  67  68  69  70  71  72  14  15  12  13  86  85  84  83  81  10  11  80  79  39  38  37  62  16  17  87  88  18  19  20  52  53  24  27  28  
b: 58  59  60  61  89  90  91  92  93  94  95  96  97  98  99  50  51  23  22  21  54  9   8   55  56  57  26  25  

a: 29  30  31  32  33  43  44  0   3   4   5   6   47  48  49  1   2   46  45  34  35  36  42  41  75  76  82  40  73  74  77  78  7   63  64  65  66  67  68  69  70  71  72  14  15  12  13  86  85  84  83  81  10  11  80  79  39  38  37  62  16  17  87  88  18  19  20  52  53  24  27  28  
b: 58  59  60  61  89  90  91  92  93  94  95  96  97  98  99  50  51  23  22  21  54  9   8   55  56  57  26  25  

split_by_mid
tree_num: 14
a: 29  30  31  32  33  43  44  0   3   4   5   6   47  48  49  1   2   46  45  34  35  36  42  41  75  76  82  40  73  74  77  78  7   63  64  65  66  67  68  69  70  71  72  14  15  12  13  86  85  84  83  81  10  11  80  79  39  38  37  62  16  17  87  88  18  19  20  52  53  24  27  28  25  26  57  56  55  8   9   54  21  22  23  51  50  
b: 58  59  60  61  89  90  91  92  93  94  95  96  97  98  99  

left  size: 6
right  size: 7


split_by_mid
tree_num: 29
a: 29  30  31  32  33  43  44  0   3   4   5   6   47  48  49  1   2   46  45  34  35  36  42  41  75  76  82  40  73  74  77  78  7   63  64  65  66  67  68  69  70  71  72  14  15  12  13  86  85  84  83  81  10  11  80  79  39  38  37  62  16  17  87  88  18  19  20  52  53  24  27  28  25  26  57  56  55  8   9   
b: 58  59  60  61  89  90  91  92  93  94  95  96  97  98  99  50  51  23  22  21  54  

left  size: 3
right  size: 3


split_by_mid
tree_num: 59
a: 29  30  31  32  33  43  44  0   3   4   5   6   47  48  49  1   2   46  45  34  35  36  42  41  75  76  82  40  73  74  77  78  7   63  64  65  66  67  68  69  70  71  72  14  15  12  13  86  85  84  83  81  10  11  80  79  39  38  37  62  16  17  87  88  18  19  20  52  53  24  27  28  25  26  57  56  55  8   9   54  21  22  
b: 58  59  60  61  89  90  91  92  93  94  95  96  97  98  99  50  51  23  

left  size: 1
right  size: 2


push_swap_last_process
  tree->size:1
tree_num: 119
a: 29  30  31  32  33  43  44  0   3   4   5   6   47  48  49  1   2   46  45  34  35  36  42  41  75  76  82  40  73  74  77  78  7   63  64  65  66  67  68  69  70  71  72  14  15  12  13  86  85  84  83  81  10  11  80  79  39  38  37  62  16  17  87  88  18  19  20  52  53  24  27  28  25  26  57  56  55  8   9   54  21  22  
b: 58  59  60  61  89  90  91  92  93  94  95  96  97  98  99  50  51  23  

move to right, single
tree_num: 59
a: 29  30  31  32  33  43  44  0   3   4   5   6   47  48  49  1   2   46  45  34  35  36  42  41  75  76  82  40  73  74  77  78  7   63  64  65  66  67  68  69  70  71  72  14  15  12  13  86  85  84  83  81  10  11  80  79  39  38  37  62  16  17  87  88  18  19  20  52  53  24  27  28  25  26  57  56  55  8   9   54  21  22  
b: 60  61  89  90  91  92  93  94  95  96  97  98  99  50  51  23  58  59  

push_swap_last_process
  tree->size:2
tree_num: 120
a: 29  30  31  32  33  43  44  0   3   4   5   6   47  48  49  1   2   46  45  34  35  36  42  41  75  76  82  40  73  74  77  78  7   63  64  65  66  67  68  69  70  71  72  14  15  12  13  86  85  84  83  81  10  11  80  79  39  38  37  62  16  17  87  88  18  19  20  52  53  24  27  28  25  26  57  56  55  8   9   54  21  22  58  59  
b: 60  61  89  90  91  92  93  94  95  96  97  98  99  50  51  23  

move to right, double,  tmp->size: 7
tree_num: 29
a: 32  33  43  44  0   3   4   5   6   47  48  49  1   2   46  45  34  35  36  42  41  75  76  82  40  73  74  77  78  7   63  64  65  66  67  68  69  70  71  72  14  15  12  13  86  85  84  83  81  10  11  80  79  39  38  37  62  16  17  87  88  18  19  20  52  53  24  27  28  25  26  57  56  55  8   9   54  21  22  58  59  29  30  31  
b: 94  95  96  97  98  99  50  51  23  60  61  89  90  91  92  93  

split_by_mid
tree_num: 60
a: 32  33  43  44  0   3   4   5   6   47  48  49  1   2   46  45  34  35  36  42  41  75  76  82  40  73  74  77  78  7   63  64  65  66  67  68  69  70  71  72  14  15  12  13  86  85  84  83  81  10  11  80  79  39  38  37  62  16  17  87  88  18  19  20  52  53  24  27  28  25  26  57  56  55  8   9   54  21  22  58  59  
b: 94  95  96  97  98  99  50  51  23  60  61  89  90  91  92  93  31  30  29  

left  size: 1
right  size: 2


push_swap_last_process
  tree->size:1
tree_num: 121
a: 32  33  43  44  0   3   4   5   6   47  48  49  1   2   46  45  34  35  36  42  41  75  76  82  40  73  74  77  78  7   63  64  65  66  67  68  69  70  71  72  14  15  12  13  86  85  84  83  81  10  11  80  79  39  38  37  62  16  17  87  88  18  19  20  52  53  24  27  28  25  26  57  56  55  8   9   54  21  22  58  59  29  
b: 94  95  96  97  98  99  50  51  23  60  61  89  90  91  92  93  31  30  

move to right, single,  tree->right->size: 2
tree_num: 60

push_swap_last_process
  tree->size:2
tree_num: 122
a: 43  44  0   3   4   5   6   47  48  49  1   2   46  45  34  35  36  42  41  75  76  82  40  73  74  77  78  7   63  64  65  66  67  68  69  70  71  72  14  15  12  13  86  85  84  83  81  10  11  80  79  39  38  37  62  16  17  87  88  18  19  20  52  53  24  27  28  25  26  57  56  55  8   9   54  21  22  58  59  29  32  33  
b: 94  95  96  97  98  99  50  51  23  60  61  89  90  91  92  93  31  30  

a: 43  44  0   3   4   5   6   47  48  49  1   2   46  45  34  35  36  42  41  75  76  82  40  73  74  77  78  7   63  64  65  66  67  68  69  70  71  72  14  15  12  13  86  85  84  83  81  10  11  80  79  39  38  37  62  16  17  87  88  18  19  20  52  53  24  27  28  25  26  57  56  55  8   9   54  21  22  58  59  29  32  33  
b: 94  95  96  97  98  99  50  51  23  60  61  89  90  91  92  93  31  30  

split_by_mid
tree_num: 30
a: 43  44  0   3   4   5   6   47  48  49  1   2   46  45  34  35  36  42  41  75  76  82  40  73  74  77  78  7   63  64  65  66  67  68  69  70  71  72  14  15  12  13  86  85  84  83  81  10  11  80  79  39  38  37  62  16  17  87  88  18  19  20  52  53  24  27  28  25  26  57  56  55  8   9   54  21  22  58  59  29  32  33  30  31  93  92  91  90  89  
b: 94  95  96  97  98  99  50  51  23  60  61  

left  size: 3
right  size: 4


split_by_mid
tree_num: 61
a: 43  44  0   3   4   5   6   47  48  49  1   2   46  45  34  35  36  42  41  75  76  82  40  73  74  77  78  7   63  64  65  66  67  68  69  70  71  72  14  15  12  13  86  85  84  83  81  10  11  80  79  39  38  37  62  16  17  87  88  18  19  20  52  53  24  27  28  25  26  57  56  55  8   9   54  21  22  58  59  29  32  33  30  31  93  92  
b: 94  95  96  97  98  99  50  51  23  60  61  89  90  91  

left  size: 1
right  size: 2


push_swap_last_process
  tree->size:1
tree_num: 123
a: 43  44  0   3   4   5   6   47  48  49  1   2   46  45  34  35  36  42  41  75  76  82  40  73  74  77  78  7   63  64  65  66  67  68  69  70  71  72  14  15  12  13  86  85  84  83  81  10  11  80  79  39  38  37  62  16  17  87  88  18  19  20  52  53  24  27  28  25  26  57  56  55  8   9   54  21  22  58  59  29  32  33  30  31  93  92  91  
b: 94  95  96  97  98  99  50  51  23  60  61  89  90  

move to right, single,  tree->right->size: 2
tree_num: 61

push_swap_last_process
  tree->size:2
tree_num: 124
a: 0   3   4   5   6   47  48  49  1   2   46  45  34  35  36  42  41  75  76  82  40  73  74  77  78  7   63  64  65  66  67  68  69  70  71  72  14  15  12  13  86  85  84  83  81  10  11  80  79  39  38  37  62  16  17  87  88  18  19  20  52  53  24  27  28  25  26  57  56  55  8   9   54  21  22  58  59  29  32  33  30  31  93  92  91  43  44  
b: 94  95  96  97  98  99  50  51  23  60  61  89  90  

move to right, single
tree_num: 30
a: 0   3   4   5   6   47  48  49  1   2   46  45  34  35  36  42  41  75  76  82  40  73  74  77  78  7   63  64  65  66  67  68  69  70  71  72  14  15  12  13  86  85  84  83  81  10  11  80  79  39  38  37  62  16  17  87  88  18  19  20  52  53  24  27  28  25  26  57  56  55  8   9   54  21  22  58  59  29  32  33  30  31  93  92  91  43  44  
b: 98  99  50  51  23  60  61  89  90  94  95  96  97  

split_by_mid
tree_num: 62
a: 0   3   4   5   6   47  48  49  1   2   46  45  34  35  36  42  41  75  76  82  40  73  74  77  78  7   63  64  65  66  67  68  69  70  71  72  14  15  12  13  86  85  84  83  81  10  11  80  79  39  38  37  62  16  17  87  88  18  19  20  52  53  24  27  28  25  26  57  56  55  8   9   54  21  22  58  59  29  32  33  30  31  93  92  91  43  44  97  96  95  94  
b: 98  99  50  51  23  60  61  89  90  

left  size: 2
right  size: 2


push_swap_last_process
  tree->size:2
tree_num: 125
a: 0   3   4   5   6   47  48  49  1   2   46  45  34  35  36  42  41  75  76  82  40  73  74  77  78  7   63  64  65  66  67  68  69  70  71  72  14  15  12  13  86  85  84  83  81  10  11  80  79  39  38  37  62  16  17  87  88  18  19  20  52  53  24  27  28  25  26  57  56  55  8   9   54  21  22  58  59  29  32  33  30  31  93  92  91  43  44  97  96  94  95  
b: 98  99  50  51  23  60  61  89  90  

move to right, single
tree_num: 62
a: 0   3   4   5   6   47  48  49  1   2   46  45  34  35  36  42  41  75  76  82  40  73  74  77  78  7   63  64  65  66  67  68  69  70  71  72  14  15  12  13  86  85  84  83  81  10  11  80  79  39  38  37  62  16  17  87  88  18  19  20  52  53  24  27  28  25  26  57  56  55  8   9   54  21  22  58  59  29  32  33  30  31  93  92  91  43  44  97  96  94  95  
b: 50  51  23  60  61  89  90  98  99  

push_swap_last_process
  tree->size:2
tree_num: 126
a: 0   3   4   5   6   47  48  49  1   2   46  45  34  35  36  42  41  75  76  82  40  73  74  77  78  7   63  64  65  66  67  68  69  70  71  72  14  15  12  13  86  85  84  83  81  10  11  80  79  39  38  37  62  16  17  87  88  18  19  20  52  53  24  27  28  25  26  57  56  55  8   9   54  21  22  58  59  29  32  33  30  31  93  92  91  43  44  97  96  94  95  98  99  
b: 50  51  23  60  61  89  90  

a: 0   3   4   5   6   47  48  49  1   2   46  45  34  35  36  42  41  75  76  82  40  73  74  77  78  7   63  64  65  66  67  68  69  70  71  72  14  15  12  13  86  85  84  83  81  10  11  80  79  39  38  37  62  16  17  87  88  18  19  20  52  53  24  27  28  25  26  57  56  55  8   9   54  21  22  58  59  29  32  33  30  31  93  92  91  43  44  97  96  94  95  98  99  
b: 50  51  23  60  61  89  90  

Error: expecter:2, actual: 95
Error: expecter:3, actual: 94
Error: expecter:4, actual: 96
Error: expecter:5, actual: 97
Error: expecter:6, actual: 44
Error: expecter:7, actual: 43
Error: expecter:9, actual: 92
Error: expecter:10, actual: 93
Error: expecter:11, actual: 31
Error: expecter:12, actual: 30
Error: expecter:13, actual: 33
Error: expecter:14, actual: 32
Error: expecter:15, actual: 29
Error: expecter:16, actual: 59
Error: expecter:17, actual: 58
Error: expecter:18, actual: 22
Error: expecter:19, actual: 21
Error: expecter:20, actual: 54
Error: expecter:21, actual: 9
Error: expecter:22, actual: 8
Error: expecter:23, actual: 55
Error: expecter:24, actual: 56
Error: expecter:25, actual: 57
Error: expecter:26, actual: 26
Error: expecter:27, actual: 25
Error: expecter:28, actual: 28
Error: expecter:29, actual: 27
Error: expecter:30, actual: 24
Error: expecter:31, actual: 53
Error: expecter:32, actual: 52
Error: expecter:33, actual: 20
Error: expecter:34, actual: 19
Error: expecter:35, actual: 18
Error: expecter:36, actual: 88
Error: expecter:37, actual: 87
Error: expecter:38, actual: 17
Error: expecter:39, actual: 16
Error: expecter:40, actual: 62
Error: expecter:41, actual: 37
Error: expecter:42, actual: 38
Error: expecter:43, actual: 39
Error: expecter:44, actual: 79
Error: expecter:45, actual: 80
Error: expecter:46, actual: 11
Error: expecter:47, actual: 10
Error: expecter:48, actual: 81
Error: expecter:49, actual: 83
Error: expecter:50, actual: 84
Error: expecter:51, actual: 85
Error: expecter:52, actual: 86
Error: expecter:53, actual: 13
Error: expecter:54, actual: 12
Error: expecter:55, actual: 15
Error: expecter:56, actual: 14
Error: expecter:57, actual: 72
Error: expecter:58, actual: 71
Error: expecter:59, actual: 70
Error: expecter:60, actual: 69
Error: expecter:61, actual: 68
Error: expecter:62, actual: 67
Error: expecter:63, actual: 66
Error: expecter:64, actual: 65
Error: expecter:65, actual: 64
Error: expecter:66, actual: 63
Error: expecter:67, actual: 7
Error: expecter:68, actual: 78
Error: expecter:69, actual: 77
Error: expecter:70, actual: 74
Error: expecter:71, actual: 73
Error: expecter:72, actual: 40
Error: expecter:73, actual: 82
Error: expecter:74, actual: 76
Error: expecter:75, actual: 75
Error: expecter:76, actual: 41
Error: expecter:77, actual: 42
Error: expecter:78, actual: 36
Error: expecter:79, actual: 35
Error: expecter:80, actual: 34
Error: expecter:81, actual: 45
Error: expecter:82, actual: 46
Error: expecter:83, actual: 2
Error: expecter:84, actual: 1
Error: expecter:85, actual: 49
Error: expecter:86, actual: 48
Error: expecter:87, actual: 47
Error: expecter:88, actual: 6
Error: expecter:89, actual: 5
Error: expecter:90, actual: 4
Error: expecter:91, actual: 3
Error: expecter:92, actual: 0
Error: expecter:93, actual: -1
Error: expecter:94, actual: -1
Error: expecter:95, actual: -1
Error: expecter:96, actual: -1
Error: expecter:97, actual: -1
Error: expecter:98, actual: -1
Error: expecter:99, actual: -1
